,1,2,3,4,5,6,7,8,9,10,11,12,13,14,15,16,17,18,19,20,21,22,23,24,25,26,27,28,29,30,31,32,33,34,35,36,37,38,39,40,41,42,43,44,45,46,47,48,49,50,51,52,53,54,55,56,57,58,59,60,61,62,63,64,65,66,67,68,69,70,71,72,73,74,75,76,77,78,79,80,81,82,83,84,85,86,87,88,89,90,91,92,93,94,95,96,97,98,99,100,101,102,103,104,105,106,107,108,109,110,111,112,113,114,115,116,117,118
1,0.0,157.0,87.5,7.5,17.5,0.0,0.0,2.0,0,0.0,0,0.0,57.5,0.0,0.0,0.0,1.5,40.0,6.0,0.0,59.0,51.5,10.5,0.0,0.0,25.5,3.0,0.0,0.0,0.0,2.0,0.0,0,0.0,2.5,0,0.0,0.0,0.0,0.0,0.0,0.0,0.5,6.0,0.0,0.0,0.0,0.0,0.0,2.0,0.5,0.0,4.0,8.0,0.5,0,1.0,0.0,0,0.0,26.0,0.0,0.0,0.0,1.0,0.5,0.0,0.0,1.0,132.5,0.5,0.0,0.0,0,0.0,0.5,0.0,0.0,0.0,0.5,39.5,0.0,0.0,11.5,124.0,276.0,32.0,0.0,1.5,14.5,0.0,0.0,7.0,41.0,85.0,380.5,16.5,0.0,0,0.0,2.0,8.5,27.5,1.0,9.0,45.5,84.0,9.0,23.5,186.0,88.0,72.0,13.0,0.5,1.5,42.0,0.0,149.0
2,157.0,0.0,101.0,7.0,16.5,0.0,0.0,10.0,0,3.0,0,0.0,114.0,0.0,0.0,0.0,0.0,19.5,3.0,0.0,123.0,37.5,8.0,0.0,0.0,5.0,0.0,0.0,0.5,0.0,4.5,0.0,0,0.0,2.5,0,0.5,1.0,0.5,0.0,0.0,0.0,2.0,4.0,1.0,0.5,1.5,0.0,0.0,0.0,5.0,0.0,2.5,27.5,1.0,0,20.0,0.0,0,0.0,38.0,0.0,2.0,0.5,0.0,2.0,0.0,0.0,0.0,518.0,0.0,0.0,0.0,0,0.0,1.5,0.0,0.0,0.0,1.0,77.5,2.5,3.0,128.0,148.5,386.0,36.0,0.5,0.0,5.5,0.5,0.0,4.0,107.5,129.0,748.5,3.5,4.0,0,0.0,1.0,1.5,12.0,0.5,23.0,207.5,83.5,40.5,39.0,360.0,298.0,107.5,12.5,4.0,2.5,103.0,4.5,323.0
3,87.5,101.0,0.0,108.5,9.0,2.0,0.0,29.0,0,1.5,0,0.0,7.0,1.0,11.0,0.5,0.0,2.0,2.0,0.0,228.0,5.5,0.5,0.0,2.5,0.0,0.0,0.0,0.0,1.5,0.5,2.0,0,0.0,0.5,0,0.0,0.5,0.0,0.5,17.0,0.5,1.5,2.0,0.0,0.5,2.5,4.0,4.5,0.5,4.0,0.0,1.0,23.0,0.5,0,12.0,1.5,0,0.0,25.0,0.0,0.5,0.0,0.0,4.0,2.5,0.0,1.0,483.0,0.5,0.0,0.0,0,0.0,0.0,8.5,1.0,0.5,1.5,33.0,3.5,29.5,80.5,112.5,489.5,13.0,1.0,2.0,0.0,1.0,1.0,0.0,10.0,168.0,1038.5,0.0,3.0,0,5.5,3.0,0.0,0.0,0.5,5.0,54.5,417.0,9.0,497.5,422.5,40.5,10.0,0.5,1.5,0.5,52.5,0.0,161.5
4,7.5,7.0,108.5,0.0,6.0,0.0,1.5,19.0,0,0.0,0,0.0,0.0,0.0,16.0,0.0,0.0,0.0,0.0,0.0,7.5,0.0,0.0,0.0,0.0,0.0,0.0,0.0,0.0,0.5,0.5,0.0,0,0.0,1.5,0,0.0,0.0,0.0,0.0,17.5,0.0,0.0,0.0,0.0,0.0,0.0,13.5,18.0,0.0,0.0,14.0,0.5,4.0,0.0,0,4.5,0.0,0,0.0,0.0,0.5,0.5,0.0,0.0,3.0,0.0,0.0,0.5,9.0,0.5,0.0,0.0,0,0.0,0.0,24.0,0.0,0.0,0.0,16.5,0.5,22.0,0.0,15.5,154.0,47.0,0.0,0.0,0.0,0.0,0.0,0.0,59.5,6.0,23.5,0.0,0.0,0,28.0,19.5,0.0,0.0,0.0,18.0,14.0,8.5,0.0,0.0,61.0,0.5,53.0,0.0,0.5,0.5,73.0,0.0,15.5
5,17.5,16.5,9.0,6.0,0.0,135.5,271.5,60.5,0,1066.0,0,0.0,657.5,652.0,183.5,388.0,1798.0,2462.5,159.0,61.5,221.0,0.5,10.0,0.0,341.5,813.0,175.5,448.0,729.0,412.5,1014.5,691.0,0,17.0,590.5,0,433.0,40.0,93.5,922.0,1.0,349.0,1207.5,1082.5,239.0,455.0,646.0,170.5,131.0,81.5,707.5,1.5,351.5,536.5,95.5,0,2899.0,6.5,0,279.0,211.0,235.5,174.5,111.5,363.0,258.5,39.0,5.5,206.5,307.0,710.0,305.5,77.5,0,193.0,383.5,338.5,864.0,20.0,3.5,343.0,364.5,27.0,279.0,537.5,2005.5,197.0,268.0,798.5,38.0,996.0,607.0,13.0,400.0,209.0,4690.0,98.5,474.0,0,117.0,502.5,993.0,441.5,425.5,8.0,261.0,59.0,174.0,211.0,1212.5,1041.0,133.5,657.5,795.0,2538.0,7.0,581.0,1034.0
6,0.0,0.0,2.0,0.0,135.5,0.0,41.5,3.0,0,1.5,0,0.0,29.5,7.0,0.0,1.0,7.5,2.0,0.0,0.0,0.0,0.0,83.5,0.0,7.0,0.5,0.0,0.0,1.5,0.0,0.0,12.0,0,0.0,536.0,0,201.5,8.0,0.0,0.0,0.0,0.0,1.0,33.0,2.0,45.0,16.5,2.5,0.5,9.5,12.5,0.0,1.0,4.0,0.0,0,450.0,0.0,0,0.0,0.0,0.0,450.5,305.0,18.0,125.5,3.5,0.0,2.5,0.0,239.5,49.5,0.0,0,0.0,0.0,0.0,0.5,1.0,0.0,0.0,2.0,353.0,0.0,3.0,3.5,0.0,31.0,3.5,35.5,0.0,40.5,0.0,0.0,0.5,1785.0,0.0,0.0,0,0.5,3.0,3.5,11.5,0.0,0.0,1.5,0.0,0.0,24.5,131.5,0.0,1.0,0.0,40.0,258.0,1.5,2.0,2.5
7,0.0,0.0,0.0,1.5,271.5,41.5,0.0,6.5,0,1.0,0,0.0,48.5,13.0,0.0,0.0,2.5,0.0,0.0,38.0,1.5,0.0,45.0,0.0,4.0,2.0,0.0,0.0,25.5,0.0,127.5,20.5,0,41.0,516.5,0,265.0,195.5,3.0,0.5,0.0,0.0,1.0,96.0,58.5,43.5,34.0,19.5,0.0,2.0,6.5,0.0,2.5,1.0,1.0,0,467.0,0.0,0,42.0,11.0,0.0,327.5,274.0,36.0,403.5,14.5,0.0,1.0,3.0,194.5,206.0,0.0,0,4.0,0.5,0.0,11.5,0.5,0.0,1.0,41.0,522.5,0.0,6.0,23.0,0.5,13.0,0.5,71.5,23.0,68.5,0.0,0.0,0.0,641.5,0.0,43.5,0,0.0,192.0,114.5,12.0,31.0,0.0,14.0,2.5,35.5,38.0,84.0,1.0,0.0,57.5,48.5,179.0,0.5,0.0,1.5
8,2.0,10.0,29.0,19.0,60.5,3.0,6.5,0.0,0,9.0,0,0.5,9.0,2.5,5.0,4.0,5.0,3.0,1.5,0.0,46.5,0.0,2.5,0.0,1.5,5.0,0.5,16.5,7.0,1.5,4.0,3.5,0,0.0,10.5,0,1483.5,226.5,3.0,7.0,0.0,0.5,0.5,25.5,1.5,8.5,2.0,1.0,4.0,0.5,15.0,0.0,16.0,16.5,0.0,0,1821.0,0.0,0,2.0,6.0,2.0,708.5,2.5,77.0,1825.5,172.5,0.5,1687.0,2.0,7.0,6.0,0.5,0,4.0,7.5,23.5,2.5,452.5,0.5,688.0,1004.5,6.0,1.0,165.5,2021.5,15.5,4.5,8.0,1.5,4.5,1.5,2.0,71.5,6.0,1670.5,1.5,225.0,0,0.5,199.5,274.5,1.5,1.5,9.5,2.0,13.0,2.0,289.5,953.0,1244.5,11.5,145.5,269.0,118.5,29.5,9.5,17.5
9,0.0,0.0,0.0,0.0,0.0,0.0,0.0,0.0,0,0.0,0,0.0,0.0,0.0,0.0,0.0,0.0,0.0,0.0,0.0,0.0,0.0,0.0,0.0,0.0,0.0,0.0,0.0,0.0,0.0,0.0,0.0,0,0.0,0.0,0,0.0,0.0,0.0,0.0,0.0,0.0,0.0,0.0,0.0,0.0,0.0,0.0,0.0,0.0,0.0,0.0,0.0,0.0,0.0,0,0.0,0.0,0,0.0,0.0,0.0,0.0,0.0,0.0,0.0,0.0,0.0,0.0,0.0,0.0,0.0,0.0,0,0.0,0.0,0.0,0.0,0.0,0.0,0.0,0.0,0.0,0.0,0.0,0.0,0.0,0.0,0.0,0.0,0.0,0.0,0.0,0.0,0.0,0.0,0.0,0.0,0,0.0,0.0,0.0,0.0,0.0,0.0,0.0,0.0,0.0,0.0,0.0,0.0,0.0,0.0,0.0,0.0,0.0,0.0,0.0
10,0.0,3.0,1.5,0.0,1066.0,1.5,1.0,9.0,0,0.0,0,1.0,0.5,4.5,0.0,1.0,3.5,237.0,4.5,0.5,0.0,0.0,11.0,7.0,167.5,214.0,22.5,0.0,96.0,12.0,503.5,4.5,0,0.0,129.5,0,13.0,32.0,38.0,134.5,0.0,1.0,3.0,108.0,3.5,0.0,192.5,7.0,30.5,0.0,299.5,0.0,39.0,67.5,1.0,0,122.0,0.0,0,4.5,0.0,5.5,30.5,9.5,6.5,13.5,0.0,8.5,0.0,5.0,38.5,8.5,7.5,0,4.5,154.0,104.0,8.5,2.5,4.0,32.5,3.5,29.0,1.5,46.5,67.0,2.0,4.5,4.5,67.0,2.0,49.5,190.5,122.5,6.0,458.0,64.5,11.0,0,75.0,6.0,8.0,29.0,1.0,0.0,2.0,3.5,0.0,3.5,23.0,17.0,30.0,1.0,238.0,156.0,39.0,3.5,27.0
11,0.0,0.0,0.0,0.0,0.0,0.0,0.0,0.0,0,0.0,0,0.0,0.0,0.0,0.0,0.0,0.0,0.0,0.0,0.0,0.0,0.0,0.0,0.0,0.0,0.0,0.0,0.0,0.0,0.0,0.0,0.0,0,0.0,0.0,0,0.0,0.0,0.0,0.0,0.0,0.0,0.0,0.0,0.0,0.0,0.0,0.0,0.0,0.0,0.0,0.0,0.0,0.0,0.0,0,0.0,0.0,0,0.0,0.0,0.0,0.0,0.0,0.0,0.0,0.0,0.0,0.0,0.0,0.0,0.0,0.0,0,0.0,0.0,0.0,0.0,0.0,0.0,0.0,0.0,0.0,0.0,0.0,0.0,0.0,0.0,0.0,0.0,0.0,0.0,0.0,0.0,0.0,0.0,0.0,0.0,0,0.0,0.0,0.0,0.0,0.0,0.0,0.0,0.0,0.0,0.0,0.0,0.0,0.0,0.0,0.0,0.0,0.0,0.0,0.0
12,0.0,0.0,0.0,0.0,0.0,0.0,0.0,0.5,0,1.0,0,0.0,9.5,0.0,0.0,0.0,0.0,0.0,1.5,0.0,0.0,0.0,0.0,0.0,0.0,0.0,0.0,0.0,2.0,0.0,9.0,28.5,0,0.0,0.0,0,0.5,0.0,0.0,0.0,0.0,1.5,5.5,17.5,0.0,30.5,27.5,39.5,63.5,0.0,819.0,0.0,0.0,1.5,0.0,0,2.5,0.0,0,0.0,0.0,0.0,0.0,0.0,0.0,0.0,0.0,0.0,0.5,0.0,1.5,0.0,0.0,0,0.0,99.5,0.0,1.5,1.0,0.0,0.5,0.0,3.0,0.0,1.0,0.0,0.0,0.0,0.0,0.0,0.0,0.0,0.0,0.0,0.0,10.0,0.0,0.5,0,0.0,0.0,0.0,0.0,0.0,0.0,0.0,0.0,0.0,0.0,2.0,2.0,1.0,0.0,1.0,0.0,0.0,0.0,0.0
13,57.5,114.0,7.0,0.0,657.5,29.5,48.5,9.0,0,0.5,0,9.5,0.0,239.0,93.0,84.0,441.0,13.0,1.0,0.0,0.0,28.0,3.0,0.0,29.5,0.5,0.0,0.0,7.0,88.5,32.5,191.0,0,0.0,499.5,0,1.5,5.5,0.5,0.5,0.0,71.0,128.5,90.0,0.0,107.5,126.5,28.5,1.5,20.5,241.0,6.0,3.0,37.5,0.0,0,247.0,2.0,0,0.5,4.5,2.0,147.0,29.5,132.5,289.0,38.0,0.0,2.5,24.5,1.0,1.0,0.5,0,0.0,18.0,1.0,2.0,1.0,0.0,11.0,0.0,13.0,32.5,71.5,237.0,2.0,2.0,0.0,0.0,4.0,4.0,0.5,4.0,8.5,855.5,2.0,172.0,0,0.0,112.5,1.5,5.5,0.0,0.0,13.5,39.0,7.0,68.0,273.0,325.0,0.5,1.0,0.0,3.5,0.0,99.5,253.5
14,0.0,0.0,1.0,0.0,652.0,7.0,13.0,2.5,0,4.5,0,0.0,239.0,0.0,4.5,76.5,262.0,91.5,4.0,0.0,0.5,0.0,0.0,2.0,145.0,0.0,0.0,0.0,17.5,94.0,47.0,216.0,0,0.0,139.0,0,0.0,3.5,0.0,1.5,0.0,38.5,91.5,206.5,1.5,497.0,638.0,247.0,0.0,282.0,241.0,13.0,3.0,22.5,2.5,0,172.0,0.0,0,0.5,0.0,0.5,119.5,6.5,88.0,191.5,7.5,0.0,0.5,0.0,0.0,3.5,0.0,0,2.5,0.0,3.0,0.5,3.5,0.0,0.0,3.0,3.5,0.0,136.5,187.5,0.0,2.0,0.0,3.5,0.0,2.5,0.0,0.0,0.0,652.5,4.5,73.5,0,0.0,106.0,1.5,0.0,2.0,0.0,0.5,30.0,0.0,105.0,556.5,221.5,0.0,3.0,0.5,3.0,1.5,35.0,206.0
15,0.0,0.0,11.0,16.0,183.5,0.0,0.0,5.0,0,0.0,0,0.0,93.0,4.5,0.0,16.5,206.0,0.0,0.0,0.5,0.0,0.0,3.5,0.0,0.0,0.0,0.0,0.0,0.5,0.0,0.0,75.5,0,0.0,1.5,0,0.5,0.0,0.0,0.0,4.0,4.0,26.0,3.0,0.5,0.5,0.0,23.0,1.5,0.0,1.0,0.5,1.5,45.5,0.0,0,83.5,0.0,0,0.0,0.0,0.5,0.0,0.0,0.5,2.5,0.0,0.0,0.5,8.0,0.0,0.0,0.0,0,0.5,3.5,3.0,0.0,0.0,0.0,4.5,1.0,32.5,0.0,34.0,226.0,2.0,0.0,0.0,0.0,0.5,0.5,0.0,0.0,4.0,341.0,0.0,103.0,0,0.0,64.0,1.5,0.0,0.0,0.0,1.0,0.0,2.0,1.5,173.5,178.5,0.0,0.0,3.0,2.0,0.0,5.0,67.0
16,0.0,0.0,0.5,0.0,388.0,1.0,0.0,4.0,0,1.0,0,0.0,84.0,76.5,16.5,0.0,154.5,0.0,0.0,0.0,0.0,0.0,0.0,0.0,0.0,0.0,0.0,0.0,1.5,0.0,0.0,100.0,0,0.0,0.0,0,0.5,0.5,0.0,0.0,0.0,29.0,76.0,0.0,0.0,0.5,0.0,0.0,0.0,0.5,1.5,0.0,0.5,57.0,0.0,0,205.0,0.0,0,0.5,0.0,0.0,2.0,3.0,0.0,5.5,0.0,0.0,1.5,0.0,0.0,1.5,1.0,0,0.0,0.0,0.0,0.0,0.0,0.0,0.0,1.0,4.5,0.0,84.5,205.0,0.0,1.0,0.0,2.0,0.0,0.5,0.0,4.0,0.0,933.5,0.0,103.0,0,0.0,142.0,1.0,0.0,0.0,0.0,0.5,0.0,0.0,0.0,225.5,219.5,0.0,0.5,0.5,1.5,0.0,105.5,211.5
17,1.5,0.0,0.0,0.0,1798.0,7.5,2.5,5.0,0,3.5,0,0.0,441.0,262.0,206.0,154.5,0.0,2.0,2.0,0.0,0.5,0.0,2.0,0.0,1.0,0.5,0.0,0.5,3.5,0.5,0.5,386.0,0,0.0,2.0,0,0.0,1.5,0.0,1.5,0.0,99.0,554.5,0.0,1.5,1.0,4.0,1.0,0.0,0.0,10.0,0.0,3.5,98.0,3.0,0,391.0,0.0,0,0.0,0.5,0.5,0.5,0.0,0.0,7.5,0.5,1.5,7.0,0.5,3.5,3.0,0.0,0,0.5,1.0,2.0,1.5,2.0,0.0,1.0,3.5,3.5,4.5,106.0,378.0,0.5,1.0,2.0,4.0,2.0,2.5,0.0,0.5,2.5,1812.5,2.0,244.5,0,0.0,304.5,0.0,2.5,3.5,0.0,0.5,1.0,0.5,1.5,680.5,745.5,0.0,0.0,5.0,0.0,1.5,82.0,537.5
18,40.0,19.5,2.0,0.0,2462.5,2.0,0.0,3.0,0,237.0,0,0.0,13.0,91.5,0.0,0.0,2.0,0.0,0.5,0.0,11.0,0.0,2.0,0.0,163.5,325.5,66.5,0.0,278.5,39.5,219.0,28.5,0,2.5,36.0,0,2.5,0.5,39.0,81.5,0.0,0.5,2.5,253.5,0.0,48.0,100.0,30.5,26.0,4.5,220.5,0.0,56.5,50.0,3.5,0,149.5,0.0,0,0.0,0.0,8.0,112.0,8.5,77.0,88.0,3.0,7.5,3.5,57.0,1.0,1.5,1.0,0,16.0,93.0,80.0,15.5,0.0,7.5,51.0,5.0,7.5,0.0,64.0,103.0,6.0,30.0,27.5,4.5,23.0,72.0,9.0,215.0,10.0,360.0,76.5,7.5,0,53.0,19.5,16.0,30.5,14.0,6.5,0.5,27.5,0.0,0.0,53.5,69.5,2.5,1.0,135.5,202.5,9.5,1.5,74.0
19,6.0,3.0,2.0,0.0,159.0,0.0,0.0,1.5,0,4.5,0,1.5,1.0,4.0,0.0,0.0,2.0,0.5,0.0,1.5,3.0,3.0,11.0,0.0,0.0,1.5,0.0,0.0,1.5,9.0,1.0,49.5,0,0.0,23.0,0,7.5,0.0,65.5,34.0,0.0,1.5,59.0,67.0,84.5,43.5,7.0,55.5,8.5,4.0,107.0,0.0,75.0,122.0,49.0,0,1273.5,0.0,0,0.0,85.5,335.5,3.5,2.0,0.0,9.5,0.0,0.0,6.0,1.5,2.5,3.0,65.0,0,72.0,19.0,2.0,9.0,2.0,0.0,112.5,1.0,3.0,109.0,2100.0,880.5,0.0,31.0,40.0,81.5,70.0,105.5,0.5,0.0,28.0,165.0,0.0,0.0,0,0.0,0.5,5.0,10.0,5.5,2.0,2.0,13.5,5.5,1.0,8.0,11.0,20.5,48.5,110.0,244.0,4.5,3.5,18.5
20,0.0,0.0,0.0,0.0,61.5,0.0,38.0,0.0,0,0.5,0,0.0,0.0,0.0,0.5,0.0,0.0,0.0,1.5,0.0,0.0,0.0,11.5,0.0,0.0,0.0,0.0,0.0,11.0,0.5,67.5,0.0,0,33.0,5.0,0,44.0,15.0,0.0,0.0,0.0,0.0,0.5,31.5,21.0,20.5,0.0,0.0,0.5,0.0,0.0,0.0,0.0,0.0,0.0,0,71.5,0.0,0,25.5,31.0,0.0,0.5,9.5,4.5,0.5,0.0,0.0,0.5,0.0,94.5,106.5,0.0,0,0.0,0.0,0.0,0.0,2.0,1.0,0.0,87.0,0.0,5.5,0.0,0.5,0.0,3.0,0.0,1.0,40.5,3.5,0.0,0.0,2.0,83.0,0.5,11.5,0,0.0,24.0,22.5,0.0,2.0,0.0,8.0,0.0,8.0,0.0,0.0,0.0,0.0,14.0,17.5,17.0,0.0,0.0,0.0
21,59.0,123.0,228.0,7.5,221.0,0.0,1.5,46.5,0,0.0,0,0.0,0.0,0.5,0.0,0.0,0.5,11.0,3.0,0.0,0.0,0.0,6.5,0.0,0.0,17.5,3.0,324.5,0.0,0.0,1.0,0.5,0,0.0,1.0,0,0.0,2.5,65.5,52.5,0.0,1.0,1.0,223.5,2.0,20.5,11.0,0.0,39.5,0.0,45.5,0.0,2.5,26.0,0.0,0,12.5,0.0,0,0.5,0.0,0.0,3.5,0.0,31.5,0.0,0.0,0.0,165.0,278.0,0.0,0.0,0.0,0,4.5,78.5,82.0,0.0,0.0,2.5,0.0,0.0,0.0,0.0,62.5,279.0,3.5,0.0,0.0,11.5,0.0,1.0,19.5,3.0,196.0,251.5,2.0,2.5,0,0.0,4.0,13.5,19.0,0.5,0.0,20.5,64.5,0.0,36.5,316.0,193.0,20.0,1.5,4.0,2.5,52.5,0.0,126.5
22,51.5,37.5,5.5,0.0,0.5,0.0,0.0,0.0,0,0.0,0,0.0,28.0,0.0,0.0,0.0,0.0,0.0,3.0,0.0,0.0,0.0,0.0,0.0,0.0,2.0,0.0,0.0,1.0,0.0,0.0,0.5,0,0.0,0.0,0,1.0,0.0,0.0,0.0,0.0,0.0,0.0,0.0,0.5,0.0,0.0,0.0,0.0,0.0,3.0,0.0,0.0,0.5,0.0,0,2.0,0.0,0,0.0,24.0,0.0,0.0,0.0,2.0,0.0,0.0,0.0,0.5,60.5,0.5,0.0,0.0,0,0.0,0.0,2.5,0.0,0.0,0.0,18.5,0.0,2.5,23.5,3.0,0.0,0.0,0.0,0.0,0.0,0.0,0.0,0.0,0.0,14.0,132.0,0.0,0.0,0,0.0,0.0,0.0,0.0,0.0,0.0,9.5,0.0,0.0,0.0,66.5,107.5,0.0,0.0,0.5,0.0,0.0,0.0,49.0
23,10.5,8.0,0.5,0.0,10.0,83.5,45.0,2.5,0,11.0,0,0.0,3.0,0.0,3.5,0.0,2.0,2.0,11.0,11.5,6.5,0.0,0.0,0.0,0.0,0.0,2.5,0.0,2.5,16.0,1.0,112.5,0,16.0,215.0,0,10.5,121.5,0.0,0.0,0.0,0.0,4.0,3.0,231.5,2.0,0.0,178.5,49.0,8.5,124.0,0.0,0.0,1.0,1.0,0,1650.0,0.0,0,0.0,8.5,5.0,54.0,141.0,54.0,128.5,0.0,0.0,6.0,0.0,87.5,43.5,134.0,0,0.0,4.5,0.0,2.0,6.5,9.5,37.0,0.0,247.0,12.0,1.5,39.5,0.0,238.0,110.0,239.5,0.0,263.5,21.0,0.0,0.0,717.0,4.0,3.0,0,0.0,1.0,2.5,99.0,1.0,0.0,1.5,1.0,0.0,0.5,3.0,3.0,1.5,2.5,272.0,818.0,1.5,0.0,0.0
24,0.0,0.0,0.0,0.0,0.0,0.0,0.0,0.0,0,7.0,0,0.0,0.0,2.0,0.0,0.0,0.0,0.0,0.0,0.0,0.0,0.0,0.0,0.0,0.0,18.0,0.0,0.0,2.0,0.0,7.0,0.0,0,0.0,53.5,0,4.0,33.0,0.0,0.0,0.0,0.0,0.0,0.0,0.0,0.0,0.0,0.0,0.0,0.0,0.5,0.0,0.0,0.0,0.0,0,6.5,0.0,0,0.0,0.0,0.0,3.0,1.5,0.0,0.5,0.0,3.0,2.0,0.0,16.5,21.0,0.0,0,0.0,3.5,0.0,0.0,0.0,9.0,0.0,0.0,22.5,0.0,0.0,0.5,0.0,0.0,0.0,11.0,0.0,8.0,100.0,0.0,0.0,45.0,0.0,0.0,0,0.0,0.0,0.0,0.0,0.0,0.0,0.0,0.0,0.0,0.0,0.0,0.0,14.0,0.0,162.0,0.0,209.0,0.0,0.0
25,0.0,0.0,2.5,0.0,341.5,7.0,4.0,1.5,0,167.5,0,0.0,29.5,145.0,0.0,0.0,1.0,163.5,0.0,0.0,0.0,0.0,0.0,0.0,0.0,238.0,45.5,0.0,141.5,114.5,217.5,20.0,0,0.0,34.5,0,3.0,3.5,8.5,70.0,0.0,1.5,6.5,201.0,0.5,122.5,119.5,83.0,18.0,101.5,175.0,0.5,72.0,40.5,21.0,0,237.5,0.0,0,0.0,0.0,1.5,17.5,5.5,53.5,23.5,22.0,0.0,0.0,0.0,2.0,4.0,13.5,0,0.5,24.0,20.5,0.5,1.0,0.0,30.0,2.5,3.0,1.5,65.0,111.0,0.0,152.5,160.5,0.0,0.0,193.0,0.0,78.5,2.0,175.5,45.0,15.5,0,40.0,0.0,5.5,49.5,0.5,0.0,1.5,9.0,0.0,13.5,38.5,3.0,1.5,4.5,214.0,489.5,1.5,0.0,7.5
26,25.5,5.0,0.0,0.0,813.0,0.5,2.0,5.0,0,214.0,0,0.0,0.5,0.0,0.0,0.0,0.5,325.5,1.5,0.0,17.5,2.0,0.0,18.0,238.0,0.0,91.5,0.0,143.0,1.5,649.0,0.0,0,0.0,35.5,0,0.0,37.5,85.0,240.0,0.0,0.0,3.0,113.5,0.5,0.0,205.5,25.5,32.0,0.0,341.5,0.0,4.0,11.0,0.0,0,10.0,0.0,0,0.5,2.0,1.5,13.5,10.0,0.0,5.5,0.0,4.5,0.5,0.0,31.5,3.5,0.0,0,0.0,91.5,96.5,2.0,0.5,21.5,13.0,0.0,34.5,0.0,64.5,38.5,0.0,0.0,5.0,5.5,0.5,5.5,77.0,161.5,0.0,527.5,52.0,32.0,0,47.0,4.0,17.5,11.5,25.5,0.0,2.0,2.5,1.5,0.5,9.0,22.5,19.5,0.0,123.5,1.5,97.5,0.5,47.5
27,3.0,0.0,0.0,0.0,175.5,0.0,0.0,0.5,0,22.5,0,0.0,0.0,0.0,0.0,0.0,0.0,66.5,0.0,0.0,3.0,0.0,2.5,0.0,45.5,91.5,0.0,0.0,20.5,0.0,38.0,0.0,0,0.0,0.0,0,1.0,0.5,13.0,4.5,0.0,0.0,0.0,11.0,0.0,0.0,34.0,27.5,5.5,0.0,67.0,0.0,10.0,10.0,4.5,0,8.0,0.0,0,0.0,0.0,0.0,0.0,0.5,0.0,0.5,0.0,0.0,0.0,0.0,0.0,0.0,0.0,0,1.0,4.0,4.5,3.0,0.0,0.0,1.5,0.0,1.5,0.5,7.0,6.0,0.0,3.0,6.5,1.0,2.5,3.0,2.0,58.0,0.0,66.5,7.0,4.5,0,8.5,0.0,2.5,0.0,0.0,0.0,0.0,0.0,0.0,1.5,1.0,3.0,0.0,0.0,7.5,28.5,0.5,0.0,0.5
28,0.0,0.0,0.0,0.0,448.0,0.0,0.0,16.5,0,0.0,0,0.0,0.0,0.0,0.0,0.0,0.5,0.0,0.0,0.0,324.5,0.0,0.0,0.0,0.0,0.0,0.0,0.0,0.5,0.0,2.0,0.0,0,0.0,0.0,0,0.0,0.0,20.5,87.0,0.0,0.0,0.0,193.5,0.0,47.5,43.5,0.0,26.5,0.0,59.5,0.0,0.0,0.0,0.0,0,6.5,0.0,0,0.0,0.0,0.0,0.0,2.0,59.5,1.0,0.0,2.5,268.5,0.0,0.0,0.5,0.0,0,17.5,216.0,101.0,0.0,0.0,0.0,1.5,5.0,0.0,0.0,1.5,1.5,0.5,0.0,1.0,0.0,0.0,1.5,0.0,4.0,0.0,17.5,0.0,0.5,0,0.5,2.5,0.0,0.0,0.5,0.0,2.5,0.0,0.0,0.5,397.5,158.0,0.0,0.5,0.5,1.0,0.5,0.0,0.5
29,0.0,0.5,0.0,0.0,729.0,1.5,25.5,7.0,0,96.0,0,2.0,7.0,17.5,0.5,1.5,3.5,278.5,1.5,11.0,0.0,1.0,2.5,2.0,141.5,143.0,20.5,0.5,0.0,164.5,372.0,4.0,0,13.5,11.5,0,49.0,10.5,35.5,229.5,0.5,0.0,23.5,490.0,42.5,31.5,215.5,65.0,40.5,3.0,525.5,4.0,69.0,89.0,59.0,0,436.0,0.0,0,36.0,11.5,45.5,33.5,13.5,34.0,21.5,0.0,1.5,4.5,58.5,82.5,69.5,18.5,0,7.0,141.0,56.5,59.5,3.0,0.0,44.5,26.0,3.5,2.5,57.0,209.0,24.0,98.5,260.0,0.0,107.0,166.0,2.0,150.5,53.5,322.5,47.5,80.0,0,77.0,49.5,59.0,154.0,128.5,2.5,30.5,5.0,32.5,41.0,57.0,31.5,0.5,124.0,155.0,727.5,0.0,3.5,49.0
30,0.0,0.0,1.5,0.5,412.5,0.0,0.0,1.5,0,12.0,0,0.0,88.5,94.0,0.0,0.0,0.5,39.5,9.0,0.5,0.0,0.0,16.0,0.0,114.5,1.5,0.0,0.0,164.5,0.0,71.0,126.0,0,0.0,51.0,0,1.0,0.0,0.0,1.5,0.0,14.0,10.5,266.5,164.5,333.0,53.5,118.5,13.0,105.0,238.5,0.0,62.0,69.0,16.0,0,294.5,0.0,0,2.0,0.5,1.0,67.5,5.0,32.0,57.0,22.0,0.0,2.5,0.0,2.5,0.0,45.0,0,2.0,0.0,0.0,0.0,0.0,0.0,68.5,0.5,3.0,0.0,9.5,82.0,0.0,44.0,130.0,24.5,2.0,146.5,0.0,0.0,0.0,51.5,1.0,0.0,0,0.0,2.5,3.0,44.5,2.0,0.0,0.0,37.0,0.0,38.5,87.0,3.0,0.0,0.0,198.5,568.5,5.5,0.5,2.0
31,2.0,4.5,0.5,0.5,1014.5,0.0,127.5,4.0,0,503.5,0,9.0,32.5,47.0,0.0,0.0,0.5,219.0,1.0,67.5,1.0,0.0,1.0,7.0,217.5,649.0,38.0,2.0,372.0,71.0,0.0,22.0,0,6.0,55.0,0,153.0,47.0,24.5,83.5,0.0,0.0,148.5,397.5,242.5,304.5,113.0,59.5,156.5,19.5,215.5,0.0,7.5,33.5,0.0,0,127.0,0.0,0,71.5,43.5,22.0,94.0,28.0,38.0,83.5,3.5,2.5,5.0,85.0,182.5,115.0,0.0,0,27.0,55.0,38.0,138.5,0.5,0.0,13.0,77.5,7.0,7.5,175.5,183.0,31.5,0.0,1.0,1.0,335.0,10.0,1.5,77.0,38.5,520.5,64.0,118.0,0,32.5,156.5,406.5,1.0,150.0,18.0,75.5,33.0,144.5,6.0,40.0,165.0,0.0,446.0,5.5,6.0,0.0,253.5,98.0
32,0.0,0.0,2.0,0.0,691.0,12.0,20.5,3.5,0,4.5,0,28.5,191.0,216.0,75.5,100.0,386.0,28.5,49.5,0.0,0.5,0.5,112.5,0.0,20.0,0.0,0.0,0.0,4.0,126.0,22.0,0.0,0,0.0,287.0,0,0.0,0.5,0.0,4.0,0.0,40.5,107.5,173.5,176.0,150.5,78.0,360.0,64.0,53.5,729.5,2.5,0.5,110.0,3.0,0,274.0,0.0,0,0.0,0.0,36.0,83.5,12.5,53.5,189.0,31.5,0.0,2.5,1.0,4.0,2.5,32.0,0,0.0,36.5,0.0,0.5,1.0,0.0,2.0,3.5,10.0,2.0,75.5,444.0,0.0,41.0,5.5,24.0,0.5,33.5,1.5,4.0,0.0,1048.5,0.0,140.0,0,0.0,105.0,2.0,25.5,1.5,0.0,0.0,38.0,1.5,41.5,348.5,154.0,0.0,2.0,30.5,133.5,1.5,95.5,375.5
33,0.0,0.0,0.0,0.0,0.0,0.0,0.0,0.0,0,0.0,0,0.0,0.0,0.0,0.0,0.0,0.0,0.0,0.0,0.0,0.0,0.0,0.0,0.0,0.0,0.0,0.0,0.0,0.0,0.0,0.0,0.0,0,0.0,0.0,0,0.0,0.0,0.0,0.0,0.0,0.0,0.0,0.0,0.0,0.0,0.0,0.0,0.0,0.0,0.0,0.0,0.0,0.0,0.0,0,0.0,0.0,0,0.0,0.0,0.0,0.0,0.0,0.0,0.0,0.0,0.0,0.0,0.0,0.0,0.0,0.0,0,0.0,0.0,0.0,0.0,0.0,0.0,0.0,0.0,0.0,0.0,0.0,0.0,0.0,0.0,0.0,0.0,0.0,0.0,0.0,0.0,0.0,0.0,0.0,0.0,0,0.0,0.0,0.0,0.0,0.0,0.0,0.0,0.0,0.0,0.0,0.0,0.0,0.0,0.0,0.0,0.0,0.0,0.0,0.0
34,0.0,0.0,0.0,0.0,17.0,0.0,41.0,0.0,0,0.0,0,0.0,0.0,0.0,0.0,0.0,0.0,2.5,0.0,33.0,0.0,0.0,16.0,0.0,0.0,0.0,0.0,0.0,13.5,0.0,6.0,0.0,0,0.0,0.0,0,37.5,8.5,0.0,0.0,0.0,0.5,0.0,1.5,25.5,0.0,0.0,0.0,0.0,0.0,0.0,0.0,0.0,0.0,0.0,0,96.5,0.0,0,8.5,15.5,0.0,4.0,14.0,15.5,2.5,0.0,0.0,0.0,0.0,17.0,15.5,0.0,0,0.0,0.0,0.0,27.5,5.0,1.5,45.5,0.0,0.0,5.5,0.0,0.0,0.0,1.0,0.0,2.0,1.0,5.0,0.0,1.5,1.5,88.0,0.0,1.0,0,0.0,8.5,14.0,0.0,0.0,0.0,2.5,0.0,2.0,0.0,2.0,0.0,0.0,0.0,15.5,18.5,0.0,0.0,0.0
35,2.5,2.5,0.5,1.5,590.5,536.0,516.5,10.5,0,129.5,0,0.0,499.5,139.0,1.5,0.0,2.0,36.0,23.0,5.0,1.0,0.0,215.0,53.5,34.5,35.5,0.0,0.0,11.5,51.0,55.0,287.0,0,0.0,0.0,0,261.0,173.0,1.5,6.5,0.0,0.5,6.0,108.5,2.5,224.5,125.0,130.0,0.0,66.0,106.0,11.5,7.5,4.0,2.0,0,1395.0,1.0,0,0.0,10.0,1.0,1131.5,795.0,249.0,1095.5,33.0,13.0,5.0,6.5,620.0,317.5,0.0,0,7.5,6.5,0.0,0.0,2.0,5.0,23.5,13.5,1468.0,4.0,13.0,52.5,0.5,89.0,1.0,251.5,0.0,155.5,84.5,0.5,4.0,3218.5,0.5,1.5,0,0.0,4.5,6.5,78.0,1.5,0.5,0.0,79.0,0.0,89.5,514.5,6.0,71.0,2.5,498.5,574.0,17.0,1.0,7.0
36,0.0,0.0,0.0,0.0,0.0,0.0,0.0,0.0,0,0.0,0,0.0,0.0,0.0,0.0,0.0,0.0,0.0,0.0,0.0,0.0,0.0,0.0,0.0,0.0,0.0,0.0,0.0,0.0,0.0,0.0,0.0,0,0.0,0.0,0,0.0,0.0,0.0,0.0,0.0,0.0,0.0,0.0,0.0,0.0,0.0,0.0,0.0,0.0,0.0,0.0,0.0,0.0,0.0,0,0.0,0.0,0,0.0,0.0,0.0,0.0,0.0,0.0,0.0,0.0,0.0,0.0,0.0,0.0,0.0,0.0,0,0.0,0.0,0.0,0.0,0.0,0.0,0.0,0.0,0.0,0.0,0.0,0.0,0.0,0.0,0.0,0.0,0.0,0.0,0.0,0.0,0.0,0.0,0.0,0.0,0,0.0,0.0,0.0,0.0,0.0,0.0,0.0,0.0,0.0,0.0,0.0,0.0,0.0,0.0,0.0,0.0,0.0,0.0,0.0
37,0.0,0.5,0.0,0.0,433.0,201.5,265.0,1483.5,0,13.0,0,0.5,1.5,0.0,0.5,0.5,0.0,2.5,7.5,44.0,0.0,1.0,10.5,4.0,3.0,0.0,1.0,0.0,49.0,1.0,153.0,0.0,0,37.5,261.0,0,0.0,146.0,0.0,0.0,2.5,0.0,1.0,116.5,90.5,12.0,5.5,1.5,0.0,0.5,1.5,0.0,9.0,27.0,0.0,0,252.5,2.0,0,339.5,83.0,0.0,250.5,156.0,0.0,515.0,0.0,28.5,650.0,1.0,262.0,257.5,1.5,0,0.5,0.5,0.5,82.5,11.5,2.0,318.5,249.5,113.5,0.0,14.0,548.0,35.0,4.0,1.5,26.5,110.0,9.5,5.0,4.5,0.0,599.0,0.0,63.5,0,0.5,197.0,206.0,9.5,60.5,0.0,230.5,4.0,204.5,0.0,6.0,8.0,47.5,22.5,133.5,47.5,4.0,0.0,9.0
38,0.0,1.0,0.5,0.0,40.0,8.0,195.5,226.5,0,32.0,0,0.0,5.5,3.5,0.0,0.5,1.5,0.5,0.0,15.0,2.5,0.0,121.5,33.0,3.5,37.5,0.5,0.0,10.5,0.0,47.0,0.5,0,8.5,173.0,0,146.0,0.0,0.0,0.0,0.0,0.0,7.5,21.0,35.0,6.0,4.5,1.5,0.5,0.0,1.0,0.0,247.5,6.0,5.0,0,2664.5,86.5,0,120.0,77.0,1.0,102.5,170.0,2.0,413.0,0.5,6.5,147.0,1.5,499.0,203.5,1.0,0,0.0,1.5,0.5,6.5,155.0,0.5,21.5,29.0,1629.5,0.0,9.5,91.5,0.0,43.5,5.0,236.5,14.0,148.0,7.0,0.0,0.0,5964.5,0.0,14.0,0,0.5,14.5,24.5,70.5,0.0,0.0,12.5,150.0,35.5,200.5,7.5,8.0,18.0,1.0,307.0,516.0,21.5,0.0,9.5
39,0.0,0.5,0.0,0.0,93.5,0.0,3.0,3.0,0,38.0,0,0.0,0.5,0.0,0.0,0.0,0.0,39.0,65.5,0.0,65.5,0.0,0.0,0.0,8.5,85.0,13.0,20.5,35.5,0.0,24.5,0.0,0,0.0,1.5,0,0.0,0.0,0.0,63.5,0.0,0.0,21.0,139.5,0.0,42.0,152.0,24.0,6.0,0.0,315.5,0.0,0.0,1.0,0.0,0,110.5,0.0,0,0.0,26.5,0.0,0.0,0.0,17.0,5.5,0.0,0.0,27.0,0.0,0.0,3.0,0.0,0,34.5,100.5,29.0,14.0,4.5,0.0,1.5,0.0,0.0,40.0,17.0,14.0,0.0,0.0,0.0,0.0,15.0,2.5,0.0,86.0,0.5,133.5,73.5,4.0,0,22.0,0.0,102.5,0.0,36.0,0.0,0.0,0.0,0.0,2.5,32.5,20.0,30.0,76.5,37.5,40.5,0.0,0.0,16.5
40,0.0,0.0,0.5,0.0,922.0,0.0,0.5,7.0,0,134.5,0,0.0,0.5,1.5,0.0,0.0,1.5,81.5,34.0,0.0,52.5,0.0,0.0,0.0,70.0,240.0,4.5,87.0,229.5,1.5,83.5,4.0,0,0.0,6.5,0,0.0,0.0,63.5,0.0,0.0,0.5,262.0,384.0,32.5,205.0,443.5,63.5,29.5,0.0,636.0,0.5,3.0,11.5,2.5,0,622.0,0.0,0,0.0,27.0,17.5,0.5,0.0,15.5,11.0,2.0,0.0,45.0,25.5,1.5,5.0,0.0,0,140.5,426.0,106.0,195.0,1.0,0.0,19.0,2.5,0.0,76.0,149.5,261.0,9.0,0.0,0.0,1.5,126.5,2.0,0.0,431.0,7.0,1031.5,47.0,1.0,0,27.5,50.0,777.5,2.5,133.5,0.0,2.0,1.0,0.5,0.5,88.5,94.0,118.5,148.0,118.5,141.0,3.0,144.0,304.0
41,0.0,0.0,17.0,17.5,1.0,0.0,0.0,0.0,0,0.0,0,0.0,0.0,0.0,4.0,0.0,0.0,0.0,0.0,0.0,0.0,0.0,0.0,0.0,0.0,0.0,0.0,0.0,0.5,0.0,0.0,0.0,0,0.0,0.0,0,2.5,0.0,0.0,0.0,0.0,0.0,1.5,0.0,0.0,1.5,0.0,14.5,3.0,0.0,0.0,2.0,0.0,0.0,0.0,0,0.5,0.0,0,0.0,0.0,0.0,0.0,0.0,0.0,0.5,0.0,0.0,0.0,1.0,0.0,1.0,0.0,0,0.0,0.0,0.0,0.0,0.5,0.0,0.0,0.0,0.5,0.0,1.0,2.0,2.0,0.0,0.0,0.0,0.0,0.0,0.0,0.0,1.0,6.5,0.0,0.0,0,0.0,0.0,0.0,0.0,0.0,0.0,0.0,0.0,0.0,2.0,0.0,0.0,0.0,0.0,0.0,0.0,0.0,0.0,1.5
42,0.0,0.0,0.5,0.0,349.0,0.0,0.0,0.5,0,1.0,0,1.5,71.0,38.5,4.0,29.0,99.0,0.5,1.5,0.0,1.0,0.0,0.0,0.0,1.5,0.0,0.0,0.0,0.0,14.0,0.0,40.5,0,0.5,0.5,0,0.0,0.0,0.0,0.5,0.0,0.0,110.0,0.0,2.0,0.0,0.0,2.5,0.0,0.0,0.5,0.0,0.0,23.5,9.0,0,88.0,0.0,0,0.0,0.0,0.0,0.0,0.0,1.5,0.0,0.0,0.0,0.5,0.0,0.5,0.0,0.0,0,0.0,1.0,0.0,0.0,0.0,0.0,0.0,0.0,0.0,2.0,20.5,103.5,0.0,0.0,0.0,0.0,0.0,0.0,0.0,0.0,0.0,305.0,0.0,71.0,0,0.0,39.0,0.0,0.0,0.0,0.0,0.0,0.0,0.0,1.5,108.5,96.5,0.0,0.0,0.5,6.0,0.0,30.0,67.5
43,0.5,2.0,1.5,0.0,1207.5,1.0,1.0,0.5,0,3.0,0,5.5,128.5,91.5,26.0,76.0,554.5,2.5,59.0,0.5,1.0,0.0,4.0,0.0,6.5,3.0,0.0,0.0,23.5,10.5,148.5,107.5,0,0.0,6.0,0,1.0,7.5,21.0,262.0,1.5,110.0,0.0,224.5,83.5,205.0,113.5,18.5,11.0,0.0,103.0,1.0,6.5,55.5,3.5,0,551.0,1.5,0,0.0,27.5,2.0,5.0,2.0,2.5,11.5,0.0,0.0,1.0,0.0,3.5,0.5,1.0,0,62.0,134.0,0.0,236.0,2.5,0.0,19.5,2.5,7.5,52.5,205.0,500.0,0.0,5.5,8.5,2.0,266.0,9.5,0.0,59.5,1.0,1583.5,16.5,52.5,0,0.5,81.0,466.5,2.0,175.5,0.0,4.0,1.5,0.0,0.0,319.0,442.0,69.0,39.5,71.5,67.0,0.0,262.0,512.0
44,6.0,4.0,2.0,0.0,1082.5,33.0,96.0,25.5,0,108.0,0,17.5,90.0,206.5,3.0,0.0,0.0,253.5,67.0,31.5,223.5,0.0,3.0,0.0,201.0,113.5,11.0,193.5,490.0,266.5,397.5,173.5,0,1.5,108.5,0,116.5,21.0,139.5,384.0,0.0,0.0,224.5,0.0,80.0,344.0,434.0,49.0,44.5,92.5,716.5,3.5,109.0,186.0,100.0,0,849.5,1.5,0,132.0,52.5,56.5,133.5,11.5,154.5,65.5,25.5,1.0,93.0,132.0,80.0,64.0,74.0,0,60.5,291.5,85.0,59.5,3.5,7.5,131.5,56.5,10.0,43.5,50.5,313.5,34.5,98.0,260.0,4.0,142.5,162.5,0.0,123.0,64.0,584.5,11.0,41.5,0,40.0,75.0,284.5,81.0,122.0,3.0,41.5,41.0,26.5,86.5,263.0,94.5,15.5,220.0,362.5,839.5,0.5,77.0,227.0
45,0.0,1.0,0.0,0.0,239.0,2.0,58.5,1.5,0,3.5,0,0.0,0.0,1.5,0.5,0.0,1.5,0.0,84.5,21.0,2.0,0.5,231.5,0.0,0.5,0.5,0.0,0.0,42.5,164.5,242.5,176.0,0,25.5,2.5,0,90.5,35.0,0.0,32.5,0.0,2.0,83.5,80.0,0.0,61.0,2.0,101.5,66.0,50.5,158.5,0.0,0.5,0.5,4.5,0,311.5,2.0,0,23.0,22.5,27.0,8.0,1.0,9.5,12.5,0.5,0.0,1.5,0.5,345.0,77.5,86.0,0,11.0,1.5,1.5,69.0,4.5,0.0,2.0,35.5,1.5,0.0,45.0,148.5,0.0,25.5,77.5,65.0,169.0,49.5,0.5,7.5,0.0,266.5,7.0,238.5,0,2.0,92.5,474.5,7.5,141.5,13.0,137.5,17.0,113.5,2.5,5.5,9.0,0.0,439.5,53.5,219.0,0.0,43.0,100.5
46,0.0,0.5,0.5,0.0,455.0,45.0,43.5,8.5,0,0.0,0,30.5,107.5,497.0,0.5,0.5,1.0,48.0,43.5,20.5,20.5,0.0,2.0,0.0,122.5,0.0,0.0,47.5,31.5,333.0,304.5,150.5,0,0.0,224.5,0,12.0,6.0,42.0,205.0,1.5,0.0,205.0,344.0,61.0,0.0,603.0,154.0,34.5,184.5,473.0,0.0,1.0,3.5,1.0,0,433.0,1.0,0,6.0,13.0,0.0,110.5,37.5,243.5,153.5,56.0,3.5,19.5,0.0,15.0,18.5,0.0,0,59.5,214.0,16.0,185.5,0.0,0.0,16.5,21.0,4.5,53.0,146.5,247.0,1.5,0.0,1.5,3.5,78.5,3.5,0.0,4.0,1.5,835.5,21.5,12.5,0,0.5,8.5,571.0,4.0,63.5,13.0,1.0,72.5,9.0,123.0,315.5,48.0,89.5,170.5,125.0,137.5,2.5,113.0,241.5
47,0.0,1.5,2.5,0.0,646.0,16.5,34.0,2.0,0,192.5,0,27.5,126.5,638.0,0.0,0.0,4.0,100.0,7.0,0.0,11.0,0.0,0.0,0.0,119.5,205.5,34.0,43.5,215.5,53.5,113.0,78.0,0,0.0,125.0,0,5.5,4.5,152.0,443.5,0.0,0.0,113.5,434.0,2.0,603.0,0.0,301.0,73.0,134.5,909.0,8.0,72.0,181.0,2.0,0,455.5,0.5,0,0.5,20.0,202.0,48.0,19.5,87.5,165.5,14.5,0.0,14.5,131.5,0.0,4.5,0.5,0,10.0,419.5,203.0,18.5,0.0,0.0,20.5,2.0,2.5,27.5,107.5,81.0,78.5,4.0,3.0,1.5,10.0,2.0,0.0,807.0,189.0,1513.5,117.5,75.5,0,179.5,98.5,200.0,0.0,5.5,0.0,0.0,90.0,0.0,137.5,186.5,48.5,134.0,37.0,70.5,9.0,3.0,0.5,250.0
48,0.0,0.0,4.0,13.5,170.5,2.5,19.5,1.0,0,7.0,0,39.5,28.5,247.0,23.0,0.0,1.0,30.5,55.5,0.0,0.0,0.0,178.5,0.0,83.0,25.5,27.5,0.0,65.0,118.5,59.5,360.0,0,0.0,130.0,0,1.5,1.5,24.0,63.5,14.5,2.5,18.5,49.0,101.5,154.0,301.0,0.0,244.0,88.5,494.5,3.0,20.5,14.5,6.5,0,303.0,0.0,0,0.0,37.5,89.5,22.0,17.5,58.0,157.5,5.0,0.0,0.0,50.0,0.5,0.0,33.0,0,56.5,243.5,35.0,31.0,0.0,0.0,23.0,3.0,44.0,31.5,77.5,91.0,41.5,22.0,30.5,84.5,65.5,28.0,0.0,101.5,65.0,303.5,38.5,40.5,0,36.5,14.5,194.0,27.0,42.0,0.0,0.0,45.5,0.0,46.0,138.0,2.0,0.5,96.5,118.5,278.5,0.0,0.0,35.5
49,0.0,0.0,4.5,18.0,131.0,0.5,0.0,4.0,0,30.5,0,63.5,1.5,0.0,1.5,0.0,0.0,26.0,8.5,0.5,39.5,0.0,49.0,0.0,18.0,32.0,5.5,26.5,40.5,13.0,156.5,64.0,0,0.0,0.0,0,0.0,0.5,6.0,29.5,3.0,0.0,11.0,44.5,66.0,34.5,73.0,244.0,0.0,4.0,686.0,0.0,37.5,21.0,1.0,0,142.5,0.0,0,0.0,0.0,59.5,3.5,0.0,16.5,2.5,0.0,0.0,45.0,117.5,0.0,0.0,6.5,0,2.0,278.5,30.0,0.0,0.5,0.0,14.0,1.5,34.0,0.0,37.5,72.5,37.5,2.5,19.0,12.5,1.0,16.0,0.0,76.5,80.0,414.0,153.5,44.0,0,41.0,32.0,0.5,24.5,0.0,0.5,0.0,2.0,0.0,0.0,53.0,50.0,2.0,0.0,19.5,105.0,0.0,0.0,109.0
50,2.0,0.0,0.5,0.0,81.5,9.5,2.0,0.5,0,0.0,0,0.0,20.5,282.0,0.0,0.5,0.0,4.5,4.0,0.0,0.0,0.0,8.5,0.0,101.5,0.0,0.0,0.0,3.0,105.0,19.5,53.5,0,0.0,66.0,0,0.5,0.0,0.0,0.0,0.0,0.0,0.0,92.5,50.5,184.5,134.5,88.5,4.0,0.0,279.5,16.0,2.5,0.5,0.5,0,60.5,0.0,0,0.0,0.0,7.5,32.0,28.5,56.5,55.5,6.0,0.0,0.0,0.0,2.0,0.5,5.0,0,0.0,0.0,2.0,1.0,0.0,0.0,0.0,0.0,2.0,2.5,0.5,12.5,0.0,3.5,26.0,14.0,0.0,27.0,0.0,0.0,0.0,3.5,0.0,0.5,0,0.0,0.0,3.0,1.0,0.0,0.0,0.0,69.5,0.0,81.5,122.0,0.5,0.0,0.0,32.0,75.5,0.0,0.0,2.0
51,0.5,5.0,4.0,0.0,707.5,12.5,6.5,15.0,0,299.5,0,819.0,241.0,241.0,1.0,1.5,10.0,220.5,107.0,0.0,45.5,3.0,124.0,0.5,175.0,341.5,67.0,59.5,525.5,238.5,215.5,729.5,0,0.0,106.0,0,1.5,1.0,315.5,636.0,0.0,0.5,103.0,716.5,158.5,473.0,909.0,494.5,686.0,279.5,0.0,46.0,76.5,112.0,3.0,0,959.0,0.0,0,1.0,63.0,204.5,32.5,43.5,158.0,278.5,7.0,0.0,50.0,147.5,3.0,3.5,85.5,0,111.0,1162.5,202.0,100.5,1.0,0.0,77.5,3.0,8.0,181.5,255.5,78.0,84.5,21.0,71.5,91.5,188.0,71.0,3.0,408.5,140.0,1282.0,374.5,50.5,0,229.0,88.0,568.0,20.5,97.5,0.0,3.0,53.5,2.0,82.0,190.0,46.5,220.0,190.0,249.0,287.0,2.5,2.0,313.0
52,0.0,0.0,0.0,14.0,1.5,0.0,0.0,0.0,0,0.0,0,0.0,6.0,13.0,0.5,0.0,0.0,0.0,0.0,0.0,0.0,0.0,0.0,0.0,0.5,0.0,0.0,0.0,4.0,0.0,0.0,2.5,0,0.0,11.5,0,0.0,0.0,0.0,0.5,2.0,0.0,1.0,3.5,0.0,0.0,8.0,3.0,0.0,16.0,46.0,0.0,1.5,0.0,0.0,0,1.0,0.0,0,0.0,0.0,0.0,9.5,0.0,14.5,3.5,0.0,0.0,0.0,7.5,0.0,0.0,0.0,0,0.0,0.0,4.5,0.0,0.0,0.0,0.0,0.0,14.5,0.0,1.0,9.5,1.5,0.0,1.5,0.0,0.0,0.0,0.0,0.0,0.0,12.0,0.0,0.0,0,2.5,2.5,0.0,0.0,0.0,0.0,0.0,8.0,0.0,0.0,31.0,0.0,0.0,0.0,0.0,1.5,0.0,0.0,2.0
53,4.0,2.5,1.0,0.5,351.5,1.0,2.5,16.0,0,39.0,0,0.0,3.0,3.0,1.5,0.5,3.5,56.5,75.0,0.0,2.5,0.0,0.0,0.0,72.0,4.0,10.0,0.0,69.0,62.0,7.5,0.5,0,0.0,7.5,0,9.0,247.5,0.0,3.0,0.0,0.0,6.5,109.0,0.5,1.0,72.0,20.5,37.5,2.5,76.5,1.5,0.0,1200.5,643.0,0,3669.5,260.5,0,0.0,2.0,209.0,7.0,2.0,8.0,17.5,0.0,0.0,20.0,50.0,82.5,60.5,13.0,0,1.5,76.0,71.0,0.0,511.0,2.0,2.0,12.5,416.5,0.0,4.5,182.0,24.0,38.0,122.5,0.5,1.0,109.5,0.0,4.5,154.0,1516.0,0.0,2.0,0,27.0,31.0,4.5,42.5,0.0,4.0,5.0,181.5,2.5,203.0,29.0,2.0,11.5,2.5,164.5,896.0,2.0,2.0,180.5
54,8.0,27.5,23.0,4.0,536.5,4.0,1.0,16.5,0,67.5,0,1.5,37.5,22.5,45.5,57.0,98.0,50.0,122.0,0.0,26.0,0.5,1.0,0.0,40.5,11.0,10.0,0.0,89.0,69.0,33.5,110.0,0,0.0,4.0,0,27.0,6.0,1.0,11.5,0.0,23.5,55.5,186.0,0.5,3.5,181.0,14.5,21.0,0.5,112.0,0.0,1200.5,0.0,902.0,0,3827.5,3.5,0,0.0,3.5,296.5,7.0,2.5,6.0,33.5,0.0,0.5,54.5,54.5,14.0,5.0,8.0,0,1.0,46.0,69.5,0.0,1.0,2.0,13.0,26.5,17.5,2.0,257.0,646.0,27.5,76.0,148.0,4.0,0.5,100.0,0.0,11.0,309.5,1947.0,2.5,84.5,0,50.5,89.5,11.0,64.5,1.0,12.0,15.5,84.5,0.5,16.0,175.5,271.5,23.0,3.0,218.0,483.0,3.0,16.5,539.5
55,0.5,1.0,0.5,0.0,95.5,0.0,1.0,0.0,0,1.0,0,0.0,0.0,2.5,0.0,0.0,3.0,3.5,49.0,0.0,0.0,0.0,1.0,0.0,21.0,0.0,4.5,0.0,59.0,16.0,0.0,3.0,0,0.0,2.0,0,0.0,5.0,0.0,2.5,0.0,9.0,3.5,100.0,4.5,1.0,2.0,6.5,1.0,0.5,3.0,0.0,643.0,902.0,0.0,0,1329.5,0.0,0,0.0,0.0,29.0,4.5,0.0,2.0,4.5,0.0,0.0,4.5,7.0,0.0,0.0,39.5,0,0.0,0.0,1.0,0.5,0.0,0.0,5.0,5.5,3.0,0.0,203.5,90.0,0.0,25.0,34.0,4.5,1.5,74.5,0.0,1.5,88.5,471.5,0.0,1.5,0,0.0,0.0,0.0,45.0,0.0,16.5,0.0,9.0,0.0,0.5,7.0,6.0,0.0,0.0,55.5,155.0,2.0,0.0,214.5
56,0.0,0.0,0.0,0.0,0.0,0.0,0.0,0.0,0,0.0,0,0.0,0.0,0.0,0.0,0.0,0.0,0.0,0.0,0.0,0.0,0.0,0.0,0.0,0.0,0.0,0.0,0.0,0.0,0.0,0.0,0.0,0,0.0,0.0,0,0.0,0.0,0.0,0.0,0.0,0.0,0.0,0.0,0.0,0.0,0.0,0.0,0.0,0.0,0.0,0.0,0.0,0.0,0.0,0,0.0,0.0,0,0.0,0.0,0.0,0.0,0.0,0.0,0.0,0.0,0.0,0.0,0.0,0.0,0.0,0.0,0,0.0,0.0,0.0,0.0,0.0,0.0,0.0,0.0,0.0,0.0,0.0,0.0,0.0,0.0,0.0,0.0,0.0,0.0,0.0,0.0,0.0,0.0,0.0,0.0,0,0.0,0.0,0.0,0.0,0.0,0.0,0.0,0.0,0.0,0.0,0.0,0.0,0.0,0.0,0.0,0.0,0.0,0.0,0.0
57,1.0,20.0,12.0,4.5,2899.0,450.0,467.0,1821.0,0,122.0,0,2.5,247.0,172.0,83.5,205.0,391.0,149.5,1273.5,71.5,12.5,2.0,1650.0,6.5,237.5,10.0,8.0,6.5,436.0,294.5,127.0,274.0,0,96.5,1395.0,0,252.5,2664.5,110.5,622.0,0.5,88.0,551.0,849.5,311.5,433.0,455.5,303.0,142.5,60.5,959.0,1.0,3669.5,3827.5,1329.5,0,0.0,926.0,0,9.5,404.5,1352.0,554.5,973.0,153.0,1165.5,5.0,0.0,585.0,142.5,1381.0,704.0,541.5,0,810.5,571.5,129.0,375.5,1685.5,149.0,710.5,249.0,2476.5,863.0,3174.0,4358.5,112.5,812.0,1332.5,1750.0,784.5,1726.0,2.5,38.0,709.5,16206.0,14.5,298.5,0,157.0,180.0,1066.5,580.0,459.0,5.5,8.0,526.0,12.0,754.0,240.0,974.0,396.0,1103.5,3339.0,5311.0,1.0,865.5,952.0
58,0.0,0.0,1.5,0.0,6.5,0.0,0.0,0.0,0,0.0,0,0.0,2.0,0.0,0.0,0.0,0.0,0.0,0.0,0.0,0.0,0.0,0.0,0.0,0.0,0.0,0.0,0.0,0.0,0.0,0.0,0.0,0,0.0,1.0,0,2.0,86.5,0.0,0.0,0.0,0.0,1.5,1.5,2.0,1.0,0.5,0.0,0.0,0.0,0.0,0.0,260.5,3.5,0.0,0,926.0,0.0,0,0.0,0.0,0.5,0.5,0.0,0.0,2.0,0.0,0.0,0.0,0.0,71.0,25.5,0.0,0,0.0,9.0,0.0,0.0,149.0,0.0,2.0,0.0,212.5,0.0,2.0,0.0,0.0,0.0,0.0,0.0,0.0,1.5,0.0,0.0,0.0,300.5,0.0,0.5,0,0.0,0.0,0.0,0.0,0.0,0.0,0.0,24.0,0.5,56.5,5.0,0.0,1.5,0.0,0.0,24.5,3.0,0.0,2.5
59,0.0,0.0,0.0,0.0,0.0,0.0,0.0,0.0,0,0.0,0,0.0,0.0,0.0,0.0,0.0,0.0,0.0,0.0,0.0,0.0,0.0,0.0,0.0,0.0,0.0,0.0,0.0,0.0,0.0,0.0,0.0,0,0.0,0.0,0,0.0,0.0,0.0,0.0,0.0,0.0,0.0,0.0,0.0,0.0,0.0,0.0,0.0,0.0,0.0,0.0,0.0,0.0,0.0,0,0.0,0.0,0,0.0,0.0,0.0,0.0,0.0,0.0,0.0,0.0,0.0,0.0,0.0,0.0,0.0,0.0,0,0.0,0.0,0.0,0.0,0.0,0.0,0.0,0.0,0.0,0.0,0.0,0.0,0.0,0.0,0.0,0.0,0.0,0.0,0.0,0.0,0.0,0.0,0.0,0.0,0,0.0,0.0,0.0,0.0,0.0,0.0,0.0,0.0,0.0,0.0,0.0,0.0,0.0,0.0,0.0,0.0,0.0,0.0,0.0
60,0.0,0.0,0.0,0.0,279.0,0.0,42.0,2.0,0,4.5,0,0.0,0.5,0.5,0.0,0.5,0.0,0.0,0.0,25.5,0.5,0.0,0.0,0.0,0.0,0.5,0.0,0.0,36.0,2.0,71.5,0.0,0,8.5,0.0,0,339.5,120.0,0.0,0.0,0.0,0.0,0.0,132.0,23.0,6.0,0.5,0.0,0.0,0.0,1.0,0.0,0.0,0.0,0.0,0,9.5,0.0,0,0.0,43.0,0.0,0.0,0.0,0.0,1.5,0.0,0.0,0.5,0.0,195.0,172.5,0.0,0,0.0,0.0,0.0,15.5,5.5,0.0,5.5,94.0,2.0,0.0,3.5,2.5,0.0,0.0,1.5,0.0,23.0,2.0,0.0,0.0,0.0,36.0,0.0,48.0,0,0.0,140.0,128.5,0.0,8.5,0.0,34.5,2.5,66.0,0.0,5.0,1.5,0.0,20.5,0.0,5.0,0.0,2.5,0.0
61,26.0,38.0,25.0,0.0,211.0,0.0,11.0,6.0,0,0.0,0,0.0,4.5,0.0,0.0,0.0,0.5,0.0,85.5,31.0,0.0,24.0,8.5,0.0,0.0,2.0,0.0,0.0,11.5,0.5,43.5,0.0,0,15.5,10.0,0,83.0,77.0,26.5,27.0,0.0,0.0,27.5,52.5,22.5,13.0,20.0,37.5,0.0,0.0,63.0,0.0,2.0,3.5,0.0,0,404.5,0.0,0,43.0,0.0,0.0,1.5,68.5,82.0,9.5,0.0,0.0,0.0,5.0,43.0,93.5,0.0,0,56.5,13.0,1.0,13.5,4.0,4.0,408.5,29.0,4.0,217.0,861.0,77.0,0.0,9.5,0.0,12.5,28.5,12.0,0.0,0.5,10.0,854.5,0.0,8.0,0,0.0,18.5,52.5,3.5,8.5,0.0,15.0,0.0,41.5,0.0,16.0,30.5,26.0,58.0,69.0,121.5,2.0,0.0,5.5
62,0.0,0.0,0.0,0.5,235.5,0.0,0.0,2.0,0,5.5,0,0.0,2.0,0.5,0.5,0.0,0.5,8.0,335.5,0.0,0.0,0.0,5.0,0.0,1.5,1.5,0.0,0.0,45.5,1.0,22.0,36.0,0,0.0,1.0,0,0.0,1.0,0.0,17.5,0.0,0.0,2.0,56.5,27.0,0.0,202.0,89.5,59.5,7.5,204.5,0.0,209.0,296.5,29.0,0,1352.0,0.5,0,0.0,0.0,0.0,3.0,0.0,0.5,6.0,0.0,0.0,0.0,59.5,1.5,0.5,33.0,0,0.0,109.5,85.5,0.0,0.0,1.5,8.0,0.5,4.0,2.0,1301.5,837.0,52.0,68.5,39.5,10.0,1.0,33.5,1.5,5.0,201.5,236.0,0.0,4.0,0,127.5,38.0,1.5,11.0,0.0,0.0,0.0,0.0,0.0,0.0,2.5,5.5,0.0,0.0,93.5,121.0,0.0,0.0,70.0
63,0.0,2.0,0.5,0.5,174.5,450.5,327.5,708.5,0,30.5,0,0.0,147.0,119.5,0.0,2.0,0.5,112.0,3.5,0.5,3.5,0.0,54.0,3.0,17.5,13.5,0.0,0.0,33.5,67.5,94.0,83.5,0,4.0,1131.5,0,250.5,102.5,0.0,0.5,0.0,0.0,5.0,133.5,8.0,110.5,48.0,22.0,3.5,32.0,32.5,9.5,7.0,7.0,4.5,0,554.5,0.5,0,0.0,1.5,3.0,0.0,830.0,589.5,1422.5,46.0,45.5,302.0,1.0,317.5,171.0,0.5,0,12.5,8.5,0.0,21.0,30.5,0.5,48.0,52.5,791.5,1.5,8.5,288.0,10.5,34.5,3.0,165.0,47.5,43.0,10.0,3.5,3.5,1520.5,33.5,9.0,0,0.0,24.5,92.0,25.5,27.0,16.0,6.5,62.0,1.0,113.5,303.0,97.0,28.0,11.0,167.5,243.0,3.0,2.0,22.0
64,0.0,0.5,0.0,0.0,111.5,305.0,274.0,2.5,0,9.5,0,0.0,29.5,6.5,0.0,3.0,0.0,8.5,2.0,9.5,0.0,0.0,141.0,1.5,5.5,10.0,0.5,2.0,13.5,5.0,28.0,12.5,0,14.0,795.0,0,156.0,170.0,0.0,0.0,0.0,0.0,2.0,11.5,1.0,37.5,19.5,17.5,0.0,28.5,43.5,0.0,2.0,2.5,0.0,0,973.0,0.0,0,0.0,68.5,0.0,830.0,0.0,55.0,658.0,21.5,14.5,2.5,1.0,286.5,143.5,0.0,0,2.5,2.0,0.0,12.5,9.0,9.0,56.5,1.5,930.5,31.0,3.5,39.5,0.0,65.0,2.5,186.5,7.0,111.0,3.5,0.0,4.5,2302.0,12.0,2.0,0,1.5,24.5,22.5,55.0,9.0,0.5,0.5,5.5,1.5,57.5,125.0,46.5,6.0,1.0,183.5,537.0,2.0,0.0,4.0
65,1.0,0.0,0.0,0.0,363.0,18.0,36.0,77.0,0,6.5,0,0.0,132.5,88.0,0.5,0.0,0.0,77.0,0.0,4.5,31.5,2.0,54.0,0.0,53.5,0.0,0.0,59.5,34.0,32.0,38.0,53.5,0,15.5,249.0,0,0.0,2.0,17.0,15.5,0.0,1.5,2.5,154.5,9.5,243.5,87.5,58.0,16.5,56.5,158.0,14.5,8.0,6.0,2.0,0,153.0,0.0,0,0.0,82.0,0.5,589.5,55.0,0.0,466.0,41.5,3.0,30.5,0.5,2.0,0.5,1.0,0,22.5,71.5,25.5,110.0,10.0,22.0,129.5,1.5,6.0,17.0,2.5,8.5,0.0,8.0,0.5,13.0,74.5,15.0,0.0,0.0,0.0,332.5,50.5,0.0,0,1.0,28.5,76.5,0.0,14.0,10.5,0.0,89.5,0.0,157.5,398.0,143.0,0.0,3.0,113.0,166.5,0.0,0.0,1.5
66,0.5,2.0,4.0,3.0,258.5,125.5,403.5,1825.5,0,13.5,0,0.0,289.0,191.5,2.5,5.5,7.5,88.0,9.5,0.5,0.0,0.0,128.5,0.5,23.5,5.5,0.5,1.0,21.5,57.0,83.5,189.0,0,2.5,1095.5,0,515.0,413.0,5.5,11.0,0.5,0.0,11.5,65.5,12.5,153.5,165.5,157.5,2.5,55.5,278.5,3.5,17.5,33.5,4.5,0,1165.5,2.0,0,1.5,9.5,6.0,1422.5,658.0,466.0,0.0,74.0,3.0,937.0,13.5,373.5,229.5,0.0,0,8.5,8.0,4.0,19.0,92.5,4.0,427.5,589.5,984.5,0.5,20.5,923.5,43.5,66.0,7.0,130.0,12.5,46.0,2.5,38.0,4.5,2006.5,22.0,6.5,0,7.0,12.0,41.0,58.0,16.0,3.5,28.0,130.5,2.0,138.0,445.5,53.0,46.5,3.5,196.0,591.5,0.0,2.5,71.0
67,0.0,0.0,2.5,0.0,39.0,3.5,14.5,172.5,0,0.0,0,0.0,38.0,7.5,0.0,0.0,0.5,3.0,0.0,0.0,0.0,0.0,0.0,0.0,22.0,0.0,0.0,0.0,0.0,22.0,3.5,31.5,0,0.0,33.0,0,0.0,0.5,0.0,2.0,0.0,0.0,0.0,25.5,0.5,56.0,14.5,5.0,0.0,6.0,7.0,0.0,0.0,0.0,0.0,0,5.0,0.0,0,0.0,0.0,0.0,46.0,21.5,41.5,74.0,0.0,0.0,70.0,0.0,1.5,0.0,0.0,0,0.0,0.0,0.0,0.0,6.5,0.0,0.5,0.0,0.0,0.0,0.0,0.0,0.0,0.0,0.0,0.0,0.0,0.0,0.0,0.5,0.5,10.5,0.0,2.0,0,0.0,4.5,10.0,3.0,0.0,0.0,0.0,6.0,0.0,42.5,95.5,11.5,0.0,6.0,3.0,0.5,0.0,0.0,0.0
68,0.0,0.0,0.0,0.0,5.5,0.0,0.0,0.5,0,8.5,0,0.0,0.0,0.0,0.0,0.0,1.5,7.5,0.0,0.0,0.0,0.0,0.0,3.0,0.0,4.5,0.0,2.5,1.5,0.0,2.5,0.0,0,0.0,13.0,0,28.5,6.5,0.0,0.0,0.0,0.0,0.0,1.0,0.0,3.5,0.0,0.0,0.0,0.0,0.0,0.0,0.0,0.5,0.0,0,0.0,0.0,0,0.0,0.0,0.0,45.5,14.5,3.0,3.0,0.0,0.0,2.0,0.0,29.5,16.0,0.0,0,0.0,0.0,0.0,1.0,0.0,0.0,1.0,0.0,47.5,0.0,0.0,0.0,0.0,0.0,0.0,4.5,4.5,1.5,15.5,0.5,0.0,279.0,0.0,0.0,0,0.0,0.0,2.0,0.0,5.0,6.5,0.0,0.0,0.0,0.0,14.5,10.0,22.0,0.0,50.0,0.0,6.0,0.0,2.0
69,1.0,0.0,1.0,0.5,206.5,2.5,1.0,1687.0,0,0.0,0,0.5,2.5,0.5,0.5,1.5,7.0,3.5,6.0,0.5,165.0,0.5,6.0,2.0,0.0,0.5,0.0,268.5,4.5,2.5,5.0,2.5,0,0.0,5.0,0,650.0,147.0,27.0,45.0,0.0,0.5,1.0,93.0,1.5,19.5,14.5,0.0,45.0,0.0,50.0,0.0,20.0,54.5,4.5,0,585.0,0.0,0,0.5,0.0,0.0,302.0,2.5,30.5,937.0,70.0,2.0,0.0,3.0,4.0,15.5,0.0,0,11.0,111.0,129.5,1.0,108.5,0.0,461.0,747.5,14.5,3.5,46.5,1424.0,14.0,1.5,1.5,3.0,2.0,2.5,0.0,29.5,0.5,524.0,3.0,48.5,0,0.5,42.5,58.0,1.0,4.0,0.5,18.0,2.5,2.0,55.5,321.5,401.0,19.5,47.0,102.0,84.5,4.5,7.0,15.5
70,132.5,518.0,483.0,9.0,307.0,0.0,3.0,2.0,0,5.0,0,0.0,24.5,0.0,8.0,0.0,0.5,57.0,1.5,0.0,278.0,60.5,0.0,0.0,0.0,0.0,0.0,0.0,58.5,0.0,85.0,1.0,0,0.0,6.5,0,1.0,1.5,0.0,25.5,1.0,0.0,0.0,132.0,0.5,0.0,131.5,50.0,117.5,0.0,147.5,7.5,50.0,54.5,7.0,0,142.5,0.0,0,0.0,5.0,59.5,1.0,1.0,0.5,13.5,0.0,0.0,3.0,0.0,1.0,3.5,0.0,0,0.0,138.5,145.0,1.0,0.5,0.0,33.0,1.5,29.5,12.5,58.5,334.5,91.5,0.0,3.0,2.0,0.5,3.5,0.0,2.5,265.5,1579.5,0.0,0.0,0,127.5,155.0,0.0,2.5,3.5,8.5,124.0,410.5,17.5,380.0,444.5,56.0,1.5,0.0,6.0,11.0,0.0,0.5,206.5
71,0.5,0.0,0.5,0.5,710.0,239.5,194.5,7.0,0,38.5,0,1.5,1.0,0.0,0.0,0.0,3.5,1.0,2.5,94.5,0.0,0.5,87.5,16.5,2.0,31.5,0.0,0.0,82.5,2.5,182.5,4.0,0,17.0,620.0,0,262.0,499.0,0.0,1.5,0.0,0.5,3.5,80.0,345.0,15.0,0.0,0.5,0.0,2.0,3.0,0.0,82.5,14.0,0.0,0,1381.0,71.0,0,195.0,43.0,1.5,317.5,286.5,2.0,373.5,1.5,29.5,4.0,1.0,0.0,615.0,0.0,0,2.5,6.0,3.0,20.0,121.0,2.0,4.5,210.0,1168.5,1.5,20.0,10.5,4.5,45.0,2.5,103.5,124.5,70.5,13.0,0.5,0.0,4298.5,0.5,128.0,0,2.5,176.5,342.0,13.5,24.5,0.0,185.0,483.5,268.5,1152.0,8.0,11.5,12.5,65.0,221.0,274.5,1.5,0.0,0.5
72,0.0,0.0,0.0,0.0,305.5,49.5,206.0,6.0,0,8.5,0,0.0,1.0,3.5,0.0,1.5,3.0,1.5,3.0,106.5,0.0,0.0,43.5,21.0,4.0,3.5,0.0,0.5,69.5,0.0,115.0,2.5,0,15.5,317.5,0,257.5,203.5,3.0,5.0,1.0,0.0,0.5,64.0,77.5,18.5,4.5,0.0,0.0,0.5,3.5,0.0,60.5,5.0,0.0,0,704.0,25.5,0,172.5,93.5,0.5,171.0,143.5,0.5,229.5,0.0,16.0,15.5,3.5,615.0,0.0,0.0,0,1.0,0.0,1.5,7.5,37.0,0.5,2.0,344.0,852.5,0.0,8.5,11.0,3.0,13.0,2.0,45.0,59.0,36.0,17.0,1.5,0.0,1315.5,0.0,53.5,0,0.0,109.5,143.0,12.5,37.5,0.0,101.0,95.5,111.0,88.5,2.0,0.5,13.5,73.0,85.0,187.5,3.0,6.0,8.5
73,0.0,0.0,0.0,0.0,77.5,0.0,0.0,0.5,0,7.5,0,0.0,0.5,0.0,0.0,1.0,0.0,1.0,65.0,0.0,0.0,0.0,134.0,0.0,13.5,0.0,0.0,0.0,18.5,45.0,0.0,32.0,0,0.0,0.0,0,1.5,1.0,0.0,0.0,0.0,0.0,1.0,74.0,86.0,0.0,0.5,33.0,6.5,5.0,85.5,0.0,13.0,8.0,39.5,0,541.5,0.0,0,0.0,0.0,33.0,0.5,0.0,1.0,0.0,0.0,0.0,0.0,0.0,0.0,0.0,0.0,0,0.0,0.0,0.0,0.0,0.5,0.0,32.5,0.0,0.0,0.0,15.5,123.5,0.0,50.0,136.0,17.5,0.0,88.0,0.5,3.0,0.0,69.0,0.0,0.0,0,0.0,0.0,0.0,18.5,0.0,0.5,0.5,0.0,0.0,0.0,0.0,1.0,2.5,0.0,183.0,437.5,0.0,0.0,0.0
74,0.0,0.0,0.0,0.0,0.0,0.0,0.0,0.0,0,0.0,0,0.0,0.0,0.0,0.0,0.0,0.0,0.0,0.0,0.0,0.0,0.0,0.0,0.0,0.0,0.0,0.0,0.0,0.0,0.0,0.0,0.0,0,0.0,0.0,0,0.0,0.0,0.0,0.0,0.0,0.0,0.0,0.0,0.0,0.0,0.0,0.0,0.0,0.0,0.0,0.0,0.0,0.0,0.0,0,0.0,0.0,0,0.0,0.0,0.0,0.0,0.0,0.0,0.0,0.0,0.0,0.0,0.0,0.0,0.0,0.0,0,0.0,0.0,0.0,0.0,0.0,0.0,0.0,0.0,0.0,0.0,0.0,0.0,0.0,0.0,0.0,0.0,0.0,0.0,0.0,0.0,0.0,0.0,0.0,0.0,0,0.0,0.0,0.0,0.0,0.0,0.0,0.0,0.0,0.0,0.0,0.0,0.0,0.0,0.0,0.0,0.0,0.0,0.0,0.0
75,0.0,0.0,0.0,0.0,193.0,0.0,4.0,4.0,0,4.5,0,0.0,0.0,2.5,0.5,0.0,0.5,16.0,72.0,0.0,4.5,0.0,0.0,0.0,0.5,0.0,1.0,17.5,7.0,2.0,27.0,0.0,0,0.0,7.5,0,0.5,0.0,34.5,140.5,0.0,0.0,62.0,60.5,11.0,59.5,10.0,56.5,2.0,0.0,111.0,0.0,1.5,1.0,0.0,0,810.5,0.0,0,0.0,56.5,0.0,12.5,2.5,22.5,8.5,0.0,0.0,11.0,0.0,2.5,1.0,0.0,0,0.0,182.0,3.0,133.0,0.0,0.0,41.5,0.0,2.5,115.5,274.5,166.0,0.0,0.0,1.5,1.0,177.0,0.0,2.0,54.5,2.0,665.5,21.5,10.0,0,0.0,9.0,692.5,0.5,87.0,2.0,0.0,3.0,0.0,2.5,32.5,23.5,95.0,182.5,246.0,269.0,2.5,125.5,182.5
76,0.5,1.5,0.0,0.0,383.5,0.0,0.5,7.5,0,154.0,0,99.5,18.0,0.0,3.5,0.0,1.0,93.0,19.0,0.0,78.5,0.0,4.5,3.5,24.0,91.5,4.0,216.0,141.0,0.0,55.0,36.5,0,0.0,6.5,0,0.5,1.5,100.5,426.0,0.0,1.0,134.0,291.5,1.5,214.0,419.5,243.5,278.5,0.0,1162.5,0.0,76.0,46.0,0.0,0,571.5,9.0,0,0.0,13.0,109.5,8.5,2.0,71.5,8.0,0.0,0.0,111.0,138.5,6.0,0.0,0.0,0,182.0,0.0,145.5,108.0,3.5,0.0,20.5,1.0,6.0,66.0,198.5,60.0,96.5,2.0,0.0,6.0,133.5,0.5,0.0,293.5,134.0,1007.5,294.5,39.5,0,135.5,36.0,508.0,0.5,96.5,0.5,0.5,0.0,0.0,2.5,259.0,150.5,197.5,114.5,171.5,75.5,2.5,2.5,284.0
77,0.0,0.0,8.5,24.0,338.5,0.0,0.0,23.5,0,104.0,0,0.0,1.0,3.0,3.0,0.0,2.0,80.0,2.0,0.0,82.0,2.5,0.0,0.0,20.5,96.5,4.5,101.0,56.5,0.0,38.0,0.0,0,0.0,0.0,0,0.5,0.5,29.0,106.0,0.0,0.0,0.0,85.0,1.5,16.0,203.0,35.0,30.0,2.0,202.0,4.5,71.0,69.5,1.0,0,129.0,0.0,0,0.0,1.0,85.5,0.0,0.0,25.5,4.0,0.0,0.0,129.5,145.0,3.0,1.5,0.0,0,3.0,145.5,0.0,0.0,0.0,0.0,26.5,2.5,36.0,0.0,41.5,20.0,33.5,0.0,0.0,0.0,2.0,5.5,0.0,199.5,112.0,681.0,72.5,17.5,0,70.0,82.0,2.5,0.0,0.0,0.0,0.0,1.5,0.0,1.5,186.5,145.5,0.5,0.5,2.0,1.0,0.0,0.0,148.5
